100 2166
101 2270
102 2431
103 2699
104 2815
105 3135
106 3139
107 3524
108 3719
109 4118
110 4439
111 4828
112 5412
113 6055
114 6429
115 7272
116 7717
117 8164
118 9110
119 9739
120 10549
121 11470
122 12753
123 14600
124 16424
125 18705
126 20849
127 23619
128 26636
129 29693
130 33270
131 36328
132 40800
133 45835
134 52017
135 58640
136 64991
137 70390
138 75754
139 81429
140 85901
141 91585
142 98480
143 105910
144 117410
145 133561
146 154457
147 181337
148 214473
149 249853
150 289153
151 328864
152 363057
153 399970
154 439229
155 488865
156 545427
157 613388
158 665401
159 727976
160 772398
161 804271
162 823040
163 838531
164 850095
165 866928
166 881793
167 887897
168 884891
169 857314
170 809295
171 746194
172 674266
173 609066
174 552234
175 514584
176 475848
177 449811
178 422633
179 393080
180 360721
181 326680
182 296609
183 270076
184 242577
185 219370
186 195344
187 176409
188 158403
189 144433
190 130869
191 117967
192 105645
193 93768
194 83679
195 75440
196 67041
197 59381
198 53651
199 47024
200 41596
201 36693
202 31566
203 27787
204 24443
205 21508
206 18655
207 16022
208 13992
209 12137
210 10265
211 9225
212 7394
213 6446
214 5592
215 4657
216 4121
217 3178
218 2541
219 2151
220 1773
221 1389
222 1229
223 978
224 833
225 620
226 590
227 510
228 406
229 342
230 310
231 331
232 307
233 245
234 263
235 249
236 215
237 181
238 190
239 182
240 175
241 159
242 124
243 127
244 160
245 120
246 130
247 111
248 105
249 125
250 130
251 131
252 134
253 145
254 78
255 74
256 82
257 70
258 89
259 107
260 91
261 96
262 79
263 84
264 100
265 81
266 102
267 102
268 102
269 101
270 120
271 125
272 80
273 102
274 128
275 109
276 106
277 102
278 93
279 100
280 111
281 102
282 114
283 121
284 97
285 110
286 131
287 117
288 157
289 163
290 107
291 149
292 138
293 120
294 154
295 175
296 198
297 238
298 290
299 264
300 220
