7.353027874941413093e-05
1.701810492948480048e-04
2.748616621250829484e-04
3.171998437771246103e-04
3.740617864516768620e-04
5.121671623520826283e-04
6.219532257877246305e-04
7.471566650365489559e-04
9.304013319278989832e-04
1.199145456747361923e-03
1.461848352306227778e-03
1.856819010331865792e-03
2.515861910795468871e-03
3.468476676145762494e-03
4.518814977436329261e-03
5.557622598673450133e-03
6.587130480115555020e-03
7.587797677702751847e-03
9.061812949295434613e-03
1.154644636528047962e-02
1.502685029883261796e-02
1.879714902518049915e-02
2.266533516999717779e-02
2.771015254599291239e-02
3.467854334727291099e-02
4.282493013822023104e-02
5.047135074533985744e-02
5.712266027112364308e-02
6.388500714951327042e-02
7.055683106966925688e-02
7.375580155704905549e-02
7.055683106966925688e-02
6.388500714951327042e-02
5.712266027112364308e-02
5.047135074533985744e-02
4.282493013822023104e-02
3.467854334727291099e-02
2.771015254599291239e-02
2.266533516999717779e-02
1.879714902518049915e-02
1.502685029883261796e-02
1.154644636528047962e-02
9.061812949295434613e-03
7.587797677702751847e-03
6.587130480115555020e-03
5.557622598673450133e-03
4.518814977436329261e-03
3.468476676145762494e-03
2.515861910795468871e-03
1.856819010331865792e-03
1.461848352306227778e-03
1.199145456747361923e-03
9.304013319278989832e-04
7.471566650365489559e-04
6.219532257877246305e-04
5.121671623520826283e-04
3.740617864516768620e-04
3.171998437771246103e-04
2.748616621250829484e-04
1.701810492948480048e-04
7.353027874941413093e-05
